27
73
135
137
149
262
263
446
460
777
2620
2621
2622
2623
2624
2625
2626
2627
2628
2629
4000
9990
26200
26207
26209
26212
26217
26220
26221
26222
26223
26224
26225
26226
26227
26228
26229
26231
26232
26233
26234
26235
26236
26238
26239
26241
26242
26243
26244
26245
26246
26247
26249
26250
26255
26256
26257
26260
26261
26262
26263
26264
26265
26266
26267
26270
26271
26272
26273
26274
26275
26276
26277
26278
26279
26280
26282
26283
26284
26285
26286
26287
26288
26289
26296
26297
26298
26299
26301
26302
26322
26331
26338
26339
26345
26346
26347
26348
26349
26355
26370
26371
26374
26375
26377
26379
26384
26385
26386
26387
26388
26390
26421
26429
26444
26446
26447
27225
46001
46004
46005
46007
46010
46021
46028
46055
46068
46079
46091
262339
262810
262826
262841
262872
262617
262628
262650
262651
262669
262685
263112
263113
263301
263333
264555
460027
460351
460459
460501
460510
460513
460601
460666
460768
460871
460991
452
734
541
434
748
332
310
424
255
641
553
376
438
286
605
374
539
615
520
640
436
466
417
228
240
746
634
413
214
655
637
540
293
231
525
619
633
220
608
420
626
292
549
360
358
356
635
250
226
647
427
330
268
260
515
716
744
537
714
552
410
422
242
621
614
710
530
204
429
536
649
414
643
604
354
297
428
212
259
550
334
617
609
551
278
610
472
502
650
646
294
455
270
246
295
606
618
651
415
247
457
437
419
450
467
545
639
401
416
338
222
425
272
418
432
510
404
274
216
454
708
372
738
632
611
704
311
352
266
620
282
607
628
208
244
542
288
636
653
248
657
627
706
602
740
514
370
366
638
238
230
280
368
219
712
548
654
732
730
622
623
346
625
302
624
456
642
613
284
528
348
724
652
218
736
402
350
616
702
206
257
342
470
426
364
400
232
363
283
722
344
365
631
213
544
603
276
412